function res = mms_sci_roi()
%MMS_SCI_ROI list of science ROI
%
% roiList = MMS_SCI_ROI()
%
% New ROIs are obrained by running the following command within IDL/EVA:
% print, time_string(mms_get_roi(['2018-03-12/00:00','2018-06-04/24:00']))

res = [...
  '2024-11-24T18:31:02Z/2024-11-27T23:04:09Z';...
  '2024-11-21T07:01:02Z/2024-11-24T11:34:07Z';...
  '2024-11-17T19:01:02Z/2024-11-20T23:44:08Z';...
  '2024-11-14T07:51:01Z/2024-11-17T11:49:09Z';...
  '2024-11-10T20:26:00Z/2024-11-13T23:54:07Z';...
  '2024-11-07T09:10:59Z/2024-11-10T11:39:08Z';...
  '2024-11-03T23:11:00Z/2024-11-06T23:29:07Z';...
  '2024-10-31T13:50:59Z/2024-11-03T11:19:05Z';...
  '2024-10-28T03:00:58Z/2024-10-30T23:54:06Z';...
  '2024-10-24T13:33:55Z/2024-10-27T10:34:23Z';...
  '2024-10-21T03:01:27Z/2024-10-23T18:03:00Z';...
  '2024-10-17T04:48:00Z/2024-10-20T11:09:28Z';...
  '2024-10-13T15:46:18Z/2024-10-16T23:07:00Z';...
  '2024-10-10T03:03:52Z/2024-10-13T10:34:18Z';...
  '2024-10-06T15:41:17Z/2024-10-09T21:38:54Z';...
  '2024-10-03T03:08:43Z/2024-10-06T00:29:19Z';...
  '2024-09-29T14:31:12Z/2024-10-02T13:45:00Z';...
  '2024-09-26T02:15:00Z/2024-09-29T03:19:15Z';...
  '2024-09-22T14:06:07Z/2024-09-25T14:06:42Z';...
  '2024-09-19T02:08:32Z/2024-09-22T09:34:09Z';...
  '2024-09-15T13:52:00Z/2024-09-18T21:26:33Z';...
  '2024-09-12T01:15:00Z/2024-09-15T08:49:04Z';...
  '2024-09-09T02:30:56Z/2024-09-11T20:25:00Z';...
  '2024-09-05T00:00:58Z/2024-09-07T22:34:04Z';...
  '2024-09-02T01:35:57Z/2024-09-04T19:39:04Z';...
  '2024-08-28T23:00:57Z/2024-08-31T19:34:04Z';...
  '2024-08-25T10:50:56Z/2024-08-28T02:54:03Z';...
  '2024-08-21T22:15:54Z/2024-08-24T17:49:04Z';...
  '2024-08-18T10:20:00Z/2024-08-21T01:54:06Z';...
  '2024-08-14T22:00:56Z/2024-08-17T22:05:00Z';...
  '2024-08-11T09:45:56Z/2024-08-14T00:50:00Z';...
  '2024-08-07T21:05:55Z/2024-08-11T04:14:02Z';...
  '2024-08-04T08:50:56Z/2024-08-07T01:24:01Z';...
  '2024-07-31T19:00:55Z/2024-08-04T01:34:01Z';...
  '2024-07-28T06:55:54Z/2024-07-31T04:00:00Z';...
  '2024-07-24T18:15:54Z/2024-07-28T00:19:03Z';...
  '2024-07-21T05:45:55Z/2024-07-24T12:19:01Z';...
  '2024-07-17T17:10:54Z/2024-07-20T11:44:00Z';...
  '2024-07-14T05:30:43Z/2024-07-17T12:30:00Z';...
  '2024-07-10T16:15:40Z/2024-07-13T22:13:57Z';...
  '2024-07-08T01:15:36Z/2024-07-10T04:33:53Z';...
  '2024-07-04T08:25:36Z/2024-07-06T18:03:51Z';...
  '2024-06-30T17:05:37Z/2024-07-03T07:08:50Z';...
  '2024-06-27T01:55:37Z/2024-06-29T19:28:50Z';...
  '2024-06-23T10:35:36Z/2024-06-26T07:23:51Z';...
  '2024-06-19T17:45:38Z/2024-06-22T19:08:52Z';...
  '2024-06-16T02:09:01Z/2024-06-19T06:58:51Z';...
  '2024-06-12T14:00:24Z/2024-06-15T18:31:49Z';...
  '2024-06-09T06:25:41Z/2024-06-12T06:08:53Z';...
  '2024-06-05T20:20:40Z/2024-06-08T17:08:54Z';...
  '2024-06-02T05:20:42Z/2024-06-05T04:58:55Z';...
  '2024-05-29T16:50:42Z/2024-06-01T16:58:55Z';...
  '2024-05-26T04:05:41Z/2024-05-29T03:38:55Z';...
  '2024-05-22T15:15:44Z/2024-05-25T15:55:00Z';...
  '2024-05-19T02:10:41Z/2024-05-22T02:53:56Z';...
  '2024-05-15T13:00:45Z/2024-05-18T15:08:57Z';...
  '2024-05-12T00:00:43Z/2024-05-15T01:48:56Z';...
  '2024-05-08T11:10:45Z/2024-05-11T14:48:57Z';...
  '2024-05-04T21:45:39Z/2024-05-08T00:58:48Z';...
  '2024-05-01T08:30:41Z/2024-05-04T13:13:50Z';...
  '2024-04-27T19:50:41Z/2024-04-30T23:43:51Z';...
  '2024-04-24T07:05:41Z/2024-04-27T11:43:51Z';...
  '2024-04-20T18:10:42Z/2024-04-24T00:08:50Z';...
  '2024-04-17T05:20:00Z/2024-04-20T10:28:52Z';...
  '2024-04-13T16:40:42Z/2024-04-16T21:48:54Z';...
  '2024-04-10T04:05:43Z/2024-04-13T09:15:00Z';...
  '2024-04-06T15:20:42Z/2024-04-09T20:53:53Z';...
  '2024-04-03T02:25:00Z/2024-04-06T08:08:54Z';...
  '2024-03-30T13:45:43Z/2024-04-02T20:43:55Z';...
  '2024-03-27T00:55:44Z/2024-03-30T06:48:56Z';...
  '2024-03-23T12:30:46Z/2024-03-26T19:43:28Z';...
  '2024-03-19T23:15:45Z/2024-03-23T05:33:57Z';...
  '2024-03-16T11:10:46Z/2024-03-19T18:23:58Z';...
  '2024-03-12T22:10:47Z/2024-03-16T05:33:59Z';...
  '2024-03-09T09:05:47Z/2024-03-12T16:03:58Z';...
  '2024-03-05T20:25:48Z/2024-03-09T03:05:00Z';...
  '2024-03-02T07:50:48Z/2024-03-05T14:28:59Z';...
  '2024-02-27T19:10:00Z/2024-03-02T01:55:00Z';...
  '2024-02-24T06:40:49Z/2024-02-27T13:19:03Z';...
  '2024-02-20T18:50:51Z/2024-02-24T01:54:02Z';...
  '2024-02-17T06:00:52Z/2024-02-20T13:14:02Z';...
  '2024-02-13T17:55:51Z/2024-02-17T00:44:02Z';...
  '2024-02-10T04:42:13Z/2024-02-13T12:14:03Z';...
  '2024-02-06T16:36:15Z/2024-02-09T23:24:23Z';...
  '2024-02-03T03:56:17Z/2024-02-06T10:49:22Z';...
  '2024-01-30T15:41:16Z/2024-02-02T22:34:21Z';...
  '2024-01-27T02:31:15Z/2024-01-30T09:05:21Z';...
  '2024-01-23T14:39:19Z/2024-01-26T21:24:23Z';...
  '2024-01-23T14:39:19Z/2024-01-26T21:24:23Z';...
  '2024-01-20T01:36:16Z/2024-01-23T07:54:27Z';...
  '2024-01-16T13:41:15Z/2024-01-19T19:24:26Z';...
  '2024-01-13T00:31:16Z/2024-01-16T07:04:27Z';...
  '2024-01-09T12:21:17Z/2024-01-12T17:44:26Z';...
  '2024-01-05T23:56:16Z/2024-01-09T04:59:26Z';...
  '2024-01-02T11:20:00Z/2024-01-05T16:24:28Z';...
  '2023-12-29T23:21:16Z/2024-01-02T05:29:25Z';...
  '2023-12-26T10:21:16Z/2023-12-29T14:59:26Z';...
  '2023-12-22T22:36:29Z/2023-12-26T04:51:27Z';...
  '2023-12-19T09:29:10Z/2023-12-22T12:55:49Z';...
  '2023-12-15T21:22:03Z/2023-12-19T00:06:23Z';...
  '2023-12-12T08:31:58Z/2023-12-15T10:39:39Z';...
  '2023-12-08T20:41:59Z/2023-12-11T21:34:15Z';...
  '2023-12-05T07:41:43Z/2023-12-08T08:29:15Z';...
  '2023-12-01T19:36:17Z/2023-12-04T19:19:06Z';...
  '2023-11-28T07:30:48Z/2023-12-01T06:08:38Z';...
  '2023-11-24T18:55:23Z/2023-11-27T18:03:09Z';...
  '2023-11-21T06:10:48Z/2023-11-24T12:47:37Z';...
  '2023-11-17T17:31:53Z/2023-11-21T00:15:20Z';...
  '2023-11-14T05:16:45Z/2023-11-17T11:39:14Z';...
  '2023-11-10T17:26:32Z/2023-11-13T22:49:01Z';...
  '2023-11-07T05:21:11Z/2023-11-10T06:23:50Z';...
  '2023-11-03T17:15:53Z/2023-11-06T11:53:34Z';...
  '2023-10-31T05:55:56Z/2023-11-02T19:48:16Z';...
  '2023-10-27T19:15:54Z/2023-10-30T04:54:04Z';...
  '2023-10-24T09:00:57Z/2023-10-26T12:54:04Z';...
  '2023-10-20T21:30:37Z/2023-10-23T21:03:49Z';...
  '2023-10-17T03:20:00Z/2023-10-20T08:58:50Z';...
  '2023-10-13T15:00:00Z/2023-10-16T21:08:50Z';...
  '2023-10-10T03:20:00Z/2023-10-13T09:28:50Z';...
  '2023-10-06T15:00:37Z/2023-10-09T21:28:51Z';...
  '2023-10-03T03:25:36Z/2023-10-06T08:58:51Z';...
  '2023-09-29T15:00:00Z/2023-10-02T21:08:52Z';...
  '2023-09-26T03:10:37Z/2023-09-29T09:13:51Z';...
  '2023-09-22T14:45:37Z/2023-09-25T21:13:51Z';...
  '2023-09-19T03:20:00Z/2023-09-22T09:00:00Z';...
  '2023-09-15T14:50:37Z/2023-09-18T21:23:51Z';...
  '2023-09-12T03:20:00Z/2023-09-15T08:53:52Z';...
  '2023-09-08T14:45:00Z/2023-09-11T21:18:52Z';...
  '2023-09-05T03:25:00Z/2023-09-08T08:58:52Z';...
  '2023-09-01T15:02:00Z/2023-09-04T21:23:58Z';...
  '2023-08-29T03:05:49Z/2023-09-01T09:08:56Z';...
  '2023-08-25T14:49:09Z/2023-08-28T20:43:57Z';...
  '2023-08-22T03:15:49Z/2023-08-25T08:58:00Z';...
  '2023-08-18T14:45:51Z/2023-08-21T20:08:58Z';...
  '2023-08-15T03:10:50Z/2023-08-18T08:43:59Z';...
  '2023-08-11T14:40:51Z/2023-08-14T20:03:57Z';...
  '2023-08-08T03:15:51Z/2023-08-11T08:53:00Z';...
  '2023-08-04T14:55:51Z/2023-08-07T19:59:01Z';...
  '2023-08-01T03:05:50Z/2023-08-04T08:53:58Z';...
  '2023-07-28T14:10:50Z/2023-07-31T19:43:58Z';...
  '2023-07-25T02:15:52Z/2023-07-28T07:38:59Z';...
  '2023-07-21T15:35:51Z/2023-07-24T20:03:59Z';...
  '2023-07-18T03:50:50Z/2023-07-21T08:24:00Z';...
  '2023-07-14T14:40:00Z/2023-07-17T20:30:00Z';...
  '2023-07-11T03:10:50Z/2023-07-14T08:29:00Z';...
  '2023-07-08T15:35:51Z/2023-07-10T20:39:00Z';...
  '2023-07-04T01:47:21Z/2023-07-07T02:45:00Z';...
  '2023-07-01T08:51:23Z/2023-07-03T15:59:21Z';...
  '2023-06-27T17:21:42Z/2023-06-30T05:29:20Z';...
  '2023-06-24T02:06:44Z/2023-06-26T18:09:42Z';...
  '2023-06-20T10:11:46Z/2023-06-23T06:44:38Z';...
  '2023-06-16T15:46:47Z/2023-06-19T18:54:40Z';...
  '2023-06-13T02:36:46Z/2023-06-16T07:25:00Z';...
  '2023-06-09T14:31:47Z/2023-06-12T20:04:38Z';...
